16.1143147503
6.83777295026
6.27564158023
5.26458768966
4.87370828401
4.09377444439
3.54540489753
3.00954406543
2.89296072563
2.87520129407
2.68736343889
2.48875598096
2.39594267323
2.35393250477
2.20429285446
2.08036314136
2.01851381156
1.91212285871
1.85626772382
1.82163028923
1.7544011703
1.72188829891
1.62339789741
1.5905206923
1.55391593401
1.49215018722
1.44008048462
1.39564886415
1.36307055582
1.32740061941
1.30437317625
1.26469999245
1.23950090204
1.21390818373
1.19617858476
1.17840019403
1.15015596996
1.1145289742
1.10247702334
1.07999328356
1.05008836989
1.03759098186
1.02443349677
0.98615259162
0.975866357366
0.961614062103
0.948343417607
0.92728988921
0.926145332787
0.900412760993
0.88725027159
0.871150896624
0.844260129631
0.829566550467
0.818086017444
0.79647907814
0.784335559385
0.773127568
0.758536455203
0.751053366826
0.745573693269
0.736963198786
0.730751869352
0.704849114363
0.692174666876
0.679189917913
0.668347797535
0.653623124801
0.653533070597
0.642111730865
0.637161982321
0.627924355622
0.620464108608
0.613159533468
0.602073615981
0.600085507274
0.59242359011
0.584458328944
0.573776285547
0.571366912045
0.56592043215
0.55519006081
0.545151562805
0.540139093839
0.538046511131
0.530860879836
0.526500487219
0.514004482313
0.511409518902
0.507275262705
0.500134844446
0.491492490057
0.488724542032
0.483498891561
0.471758933013
0.470719253871
0.462691958049
0.460976969667
0.453820605117
0.451593468341
0.443176590779
0.440698830606
0.435149167315
0.42755821457
0.42490363897
0.416473966554
0.411725493885
0.408879302257
0.40658162007
0.402130223924
0.401723979787
0.397841437166
0.391992371783
0.386821608825
0.384902506356
0.383454974551
0.377310919059
0.374589156659
0.371933667146
0.365800155597
0.360534608852
0.354742783049
0.353139684611
0.349224702079
0.342561692709
0.342127402259
0.340607878102
0.336890988166
0.334297990855
0.330450906725
0.327664660073
0.324841851225
0.32005639868
0.317035544891
0.314945568711
0.31159582794
0.309083663626
0.304057523325
0.301967391708
0.299527548505
0.294146961965
0.293440066388
0.291012360081
0.288069033048
0.285382106851
0.28275729516
0.280603574605
0.277627839762
0.275962242435
0.273864406126
0.270482677578
0.267694594077
0.266635967079
0.264470070384
0.260846534558
0.260409480671
0.257309348552
0.256698938782
0.253092143193
0.250391776703
0.24975159867
0.24664544651
0.244679121324
0.243079802184
0.240690892092
0.238699444346
0.238167881278
0.236859371824
0.234353652935
0.229417600945
0.229007795276
0.226364239963
0.225823335343
0.225112905857
0.224157648572
0.222310401675
0.220526131953
0.217847843558
0.214874225679
0.213924178692
0.2120719058
0.210256051609
0.208217321734
0.207748437236
0.205019077722
0.204730302553
0.203310475296
0.202489468611
0.199614634435
0.198496599619
0.197564959525
0.196584016605
0.193683793828
0.192583203991
0.19170767516
0.190779191345
0.189874369871
0.187795357703
0.18727795
0.18620106652
0.184218971703
0.182996744808
0.180972797373
0.180748022602
0.179797519511
0.179041569168
0.178360279888
0.176861042098
0.174230882602
0.173370153146
0.172529968368
0.172341207465
0.170635150895
0.17059207289
0.169803971082
0.168341156364
0.167377286613
0.166491152352
0.16547092021
0.16527772355
0.162914676261
0.16251695166
0.161841955305
0.161008578104
0.159098375461
0.158507406754
0.157729030971
0.157462433706
0.155903193091
0.153913427809
0.153610306123
0.153035687784
0.151724332782
0.150183755558
0.149562675135
0.149129312629
0.148350666003
0.147591322009
0.147230461564
0.146727490325
0.145978350786
0.145429864651
0.144492082722
0.142962558803
0.142384493831
0.142210788053
0.140754845197
0.140091002335
0.139116308096
0.138821148914
0.137713014353
0.137346723495
0.13661182993
0.136066631439
0.135582556701
0.135044616809
0.134449397269
0.133443770887
0.132430177414
0.131377011158
0.13066391403
0.130414577709
0.129903868984
0.129197484164
0.127845809259
0.127573948439
0.126765568459
0.126356797233
0.125674105207
0.125554045399
0.124489203963
0.123714438748
0.12250540836
0.121747537351
0.121186656725
0.120979573682
0.12039174645
0.119871075379
0.119166522732
0.11831196007
0.117848310604
0.117472325184
0.11705350612
0.116489199964
0.116108293691
0.115435337455
0.114431984111
0.113678060819
0.113214741171
0.113019773522
0.112262434496
0.111208606237
0.110818883532
0.11067184653
0.110128011256
0.109365701243
0.108953398157
0.108405559863
0.108257447234
0.107599460294
0.106746874677
0.106239134533
0.105897942036
0.105138383977
0.104983430023
0.104565901852
0.104138358723
0.103914050361
0.103363576769
0.1027927686
0.102210841664
0.10186933069
0.101775280484
0.100707462932
0.100286285793
0.0994299730572
0.0991340868087
0.0989154740316
0.0987941759111
0.0983354838395
0.0977645034981
0.0974469962519
0.0963608742964
0.0959724762376
0.0957903540906
0.0956491701932
0.0951900507956
0.0948772830783
0.0944994153587
0.0938478243777
0.0935640419325
0.0931232826126
0.0928113094106
0.092028622933
0.0918733116686
0.0915353057083
0.0912865955295
0.0907969568982
0.0903930364452
0.0902646195724
0.0897142874752
0.089562360013
0.0888114399752
0.088575784158
0.088306160661
0.0878088869537
0.0874552767562
0.0870944872838
0.086730228787
0.0866174531511
0.0864218293274
0.0855619708371
0.0852397511391
0.084933977449
0.0846287276545
0.0842177807297
0.0837199512733
0.083353002728
0.0830727859933
0.0826004387501
0.0824225400887
0.0819985750012
0.0816561883981
0.0811746914211
0.0810016912301
0.0805521993421
0.0802863814343
0.0798996352361
0.0792938689157
0.0791352541862
0.0790275076797
0.0781082139445
0.0778982449967
0.0776795411815
0.077440774781
0.0771921529121
0.0763630879947
0.0762132171962
0.0760290339196
0.0758785900527
0.0754757935346
0.075142915293
0.0748889336696
0.07440939346
0.0743624670876
0.0741300976908
0.0738560859441
0.0736488881049
0.0732210335162
0.0729825833285
0.0725086188527
0.0723571386312
0.0719183923291
0.0717406312653
0.0715433783021
0.071199824272
0.0710946102425
0.0706482826282
0.0702212381938
0.0700785328166
0.0695830964414
0.0693918583816
0.0690933684991
0.0688240842293
0.0685745490745
0.0685176304004
0.0682593088626
0.0680116569459
0.0677736038807
0.0674793757677
0.0674620719933
0.0669935684509
0.0669411893466
0.0665646049324
0.0663203541178
0.0661714129172
0.0657189114577
0.0655351630069
0.0652220467692
0.0650880096454
0.064684789918
0.0646041553897
0.0645096076072
0.0641572184303
0.0639703814221
0.063592594401
0.0631199602808
0.0631040368751
0.063050136718
0.0627128888527
0.0624442519498
0.0623043452472
0.0620091887347
0.0619654668642
0.0615486426908
0.0613059891427
0.0612228513203
0.0609186991172
0.0605688970763
0.060537544679
0.0601659279716
0.059714105095
0.05959929235
0.0594268068828
0.0591687351309
0.0588700872749
0.0586354118478
0.0585940824123
0.0582252423949
0.058083238286
0.057834268668
0.0577172675871
0.0575339250452
0.0573052363058
0.0571768252738
0.0567523600734
0.0565897012378
0.0565601293954
0.0564272795249
0.0562719970524
0.0561547377132
0.0560531742116
0.0556632825891
0.0554473626749
0.0549413304062
0.0546239727716
0.0544620216778
0.0541900909559
0.0541381362816
0.0540660048272
0.0539403609371
0.0536786336372
0.0536608113158
0.0535432713474
0.0530044245495
0.0526666365124
0.052640738235
0.052324614878
0.0522125829185
0.0520746261633
0.0517017788325
0.0516050410806
0.0513664615561
0.0511783445475
0.0508938145708
0.0506753628376
0.0504902381436
0.050442270546
0.0502036337561
0.0499787634039
0.0498263435243
0.0497118323465
0.0496242321397
0.0493655252312
0.0491207568612
0.0490953924983
0.0487850749125
0.0486369616118
0.0485174057442
0.0484357498385
0.048253557134
0.0480483674427
0.0479003725074
0.0475398258336
0.0474800543828
0.0473985716909
0.047183455209
0.0468654887996
0.046822305368
0.0466802500141
0.0464141443941
0.0463445016731
0.0462397120463
0.0461091347277
0.0459723492233
0.0457575734837
0.0455196212692
0.0453296118896
0.0451123424209
0.0450000349015
0.0448548825911
0.0445931301772
0.0443769871128
0.0442051807323
0.0440840356024
0.0438738934183
0.0437284107556
0.0435394206272
0.0434761879835
0.0434006686943
0.0432283587733
0.0431047414881
0.042923459376
0.0428730453687
0.0426550960287
0.0424978668455
0.0424565799017
0.0423621599748
0.0422534005033
0.0421503719645
0.0419285133493
0.0417090916527
0.0416094285329
0.0413536105827
0.0411599287978
0.0409377158997
0.0408370691468
0.0406344733986
0.0406017537063
0.040434524725
0.0403625017809
0.0402144660927
0.0400399993691
0.0399025188407
0.0398022989697
0.0397573242478
0.0395610776381
0.0394175386347
0.0391739746785
0.0390658226753
0.0390070537478
0.038597627944
0.03858362358
0.0385285504615
0.0383516719377
0.0382040805035
0.0380986937759
0.0379499526151
0.037922800095
0.0378437948175
0.0375647843375
0.037563001085
0.0373545257676
0.0372406714567
0.0370034435006
0.0369360009549
0.036854501372
0.0368244236631
0.0366620233482
0.0365082031853
0.0364148717702
0.0363360486575
0.0361294170469
0.0358654983824
0.0358406203231
0.0356924348825
0.0355691837834
0.0354930791486
0.0354082068943
0.0352769926815
0.0351749117636
0.0350193663085
0.0348909521902
0.0348386841769
0.034715716608
0.0346019860544
0.0344602943417
0.0344036804534
0.0343025346903
0.0341393497382
0.0340228064589
0.0339304399782
0.0338566477148
0.0337322557993
0.0335324085991
0.033333002248
0.0333022510983
0.0332247392573
0.0331459431335
0.0328454942744
0.032804615082
0.0327123705246
0.0326877024946
0.032632066819
0.0324863681219
0.0323680865731
0.0322500878232
0.0321343734344
0.0319834291117
0.0318746321018
0.0317037977938
0.0316005241971
0.0315325985165
0.0314639039034
0.0313799991579
0.0312990061084
0.0311415661512
0.0310934711719
0.030998655103
0.0309170161168
0.0308181633377
0.0306496333275
0.0306082374948
0.0304680819143
0.0303946431918
0.0303357101909
0.0301867874731
0.0300576510207
0.02999065129
0.0299146501677
0.0298914583601
0.0297541106994
0.0296652283318
0.0295372387327
0.0294862121616
0.0294578492963
0.0293687781274
0.0292293452783
0.0291822866071
0.0290096324077
0.0288533810222
0.0288469596492
0.0287751071288
0.0285939230856
0.0285026043034
0.0283334071187
0.0282821839151
0.0282720689685
0.0281030264342
0.028032351115
0.0279324847196
0.0278847733303
0.0278169632716
0.0276623391723
0.0276304663752
0.0275093931532
0.0274721610455
0.0274203138082
0.0273719984763
0.0272885431304
0.027116443198
0.0270564177699
0.0268894458034
0.0268438720139
0.0267808578518
0.0267274019634
0.0266337711238
0.0265952092891
0.0264426952902
0.0263306004924
0.0262972022063
0.0261795744608
0.0260770172025
0.0259859506855
0.0259152624639
0.0257345175522
0.0256853572289
0.0256130709356
0.0255787052525
0.0254160714604
0.025343528056
0.0252600987627
0.0252276380249
0.0251543747932
0.0250969859738
0.0250531749068
0.0249956137108
0.0247707313884
0.0247190278751
0.0246772773021
0.0245508575984
0.0245456961705
0.0245049719008
0.0243628387768
0.0243042908278
0.0242436795121
0.0241628446604
0.0241460286019
0.0240870309057
0.0240598297221
0.0238903362588
0.0238359150037
0.0237524980187
0.0236176622784
0.0235915010592
0.0234862566474
0.0233608418862
0.0233354644544
0.023271987409
0.0231384293975
0.0230325744201
0.0229687053465
0.0229358253705
0.0228976134022
0.0228050771316
0.0227230360532
0.0226127795177
0.0225902840957
0.022503026317
0.0223847925612
0.0223636732559
0.022314547293
0.0222216844538
0.0222041338639
0.0221209216262
0.021978731685
0.0219663643554
0.0218973861664
0.0218678486261
0.0217635024053
0.0216347686774
0.0216065031025
0.0215182342524
0.0214646227387
0.021425912979
0.0213449983907
0.0212347014456
0.0212088989588
0.0211151538352
0.0210802959948
0.0210152946552
0.0209355497311
0.0209267335941
0.0208399399306
0.0207791684345
0.0206773376699
0.0206520630587
0.0206061445493
0.0205220686846
0.0203890639673
0.0203302461565
0.02027210931
0.0202212424094
0.0201651051599
0.0200628942777
0.0200307951461
0.0200014853638
0.0199419859549
0.0198964761081
0.0198525387927
0.01974417552
0.0197026104618
0.0196537599838
0.0196108224198
0.0195290441526
0.0194613337036
0.0193814886566
0.0193394044375
0.0192477777256
0.0191583071311
0.0190931071306
0.0190159800635
0.0189791550669
0.018915772965
0.018877282079
0.0187366692008
0.0187277016927
0.0186696364445
0.0185742867833
0.0185333116375
0.0185158647134
0.0184675450515
0.0184002885486
0.0183405472262
0.0183092464201
0.0182242274466
0.0181524268909
0.0180529748958
0.0180071331947
0.0179632878258
0.0179411447372
0.0178971964159
0.017836731517
0.0178260286576
0.0177593103003
0.01766368176
0.0176563480057
0.0175708096757
0.0175319342256
0.0174971668577
0.0173930913749
0.0173825189374
0.0172949214718
0.017245861727
0.0172083595332
0.0171220115107
0.0170634833855
0.0169942158555
0.0169483389069
0.0168799941546
0.0168468883062
0.0168164537196
0.0167461529346
0.0167094121522
0.0166708830349
0.0166450556757
0.0165651133682
0.0165034685975
0.0164737578388
0.0164244274353
0.0163438928994
0.0162861988473
0.0162370553216
0.0162131711715
0.0161993294281
0.0161707238102
0.0160538162066
0.0160345382958
0.0159639574249
0.0159189930071
0.0158418370069
0.0157886359599
0.0157528740915
0.0157215825765
0.0156818704625
0.0156292132422
0.0156270446948
0.0155327209613
0.0154859095506
0.0153542779954
0.0153068078605
0.0152851445894
0.0152129164994
0.0151760396144
0.0151582323046
0.0150292453346
0.0149880940539
0.0149741491896
0.0149181024927
0.0148270603627
0.0147427737715
0.0147317149008
0.0146552763306
0.014635762708
0.0146214047315
0.014544087857
0.0145002599842
0.0144813270032
0.0144218064597
0.0144118508433
0.014346400019
0.0142945983524
0.0142698848875
0.0142228382075
0.0141568212347
0.0141094096272
0.014055104929
0.0140320377589
0.0140017779941
0.0139548499783
0.0138824871153
0.0138620681814
0.013837610179
0.0138122917752
0.0137902494628
0.0137513551515
0.013719273725
0.013663899236
0.0136486880795
0.013531144124
0.0135129666379
0.0134902218744
0.0134643483814
0.0134133138125
0.0133910798024
0.0132926479582
0.0132600431424
0.0132243341532
0.0131811349348
0.0131631025547
0.0131356975339
0.0130684506748
0.0130431470827
0.0129679324784
0.0129400674238
0.0129008613315
0.0128534867926
0.0128281158749
0.0127493114804
0.0127166372268
0.0126832003333
0.0126780628916
0.0126179705061
0.0125437485584
0.0125100056555
0.0124749284759
0.0124313631793
0.0124056787255
0.0123590546275
0.0123433840202
0.0122979865579
0.0122080180151
0.0121578687665
0.0121003022703
0.0120786653378
0.0120677875098
0.0120553569893
0.0120381932874
0.0119736125001
0.0119426602611
0.0119009848121
0.0118876186475
0.0117951364805
0.0117576506401
0.011742319485
0.0116868377093
0.0116529501442
0.0115862380103
0.0115780914079
0.0115191929694
0.0114784289706
0.0114725751236
0.0114137301197
0.0113952202981
0.01131797256
0.0112815448097
0.0112417428615
0.0111950028274
0.0111675102319
0.0111090612284
0.0111056735293
0.0110546707878
0.0110384240029
0.0109907310825
0.0109273191855
0.0109067463427
0.0109016513383
0.010881814457
0.0108548012163
0.0107712298574
0.0107478937565
0.0107279182946
0.010711816692
0.0106537685382
0.0106174210305
0.0106018317796
0.0105688169416
0.0105125899323
0.0104650424639
0.010434037035
0.0103988245656
0.0103891957644
0.0103591392637
0.0102873314828
0.0102634733417
0.0102428682206
0.0102112489926
0.0101690555579
0.0101479334238
0.0101388973552
0.0100890005057
0.0100472631234
0.010017469202
0.00999320407442
0.00993235940431
0.00992239050945
0.00988861016554
0.00988106370729
0.00984305676067
0.00979146105578
0.00977440323992
0.00974158934617
0.0097005374018
0.0096893363647
0.00964962172778
0.00960518290494
0.00957549365331
0.00957016285574
0.00951037067317
0.00950600848582
0.009482052751
0.00946320974338
0.00943072169759
0.00932829568464
0.00932010981783
0.00930584813152
0.00923557301824
0.00923135911572
0.00919310362621
0.00914700585983
0.00912282959289
0.00908173941609
0.00907298437694
0.00906230133996
0.00903008188498
0.00899403106794
0.0089741633304
0.00894209456091
0.00893041242381
0.0088885021813
0.00885173161982
0.00880232822668
0.00874529119719
0.00873744113754
0.00870602361445
0.00867629280955
0.00865677437483
0.00862171046874
0.00860061300068
0.00858572254878
0.008535484734
0.00848999292867
0.00846956699148
0.00845214564351
0.00843909627551
0.00840293093427
0.00834866685408
0.00833522622706
0.00832955860199
0.00826926433059
0.00824126099366
0.00823226227859
0.00817189717254
0.00816364669951
0.00812341146119
0.00810578496653
0.00808548476205
0.00805669788776
0.00802195501428
0.00799504383115
0.00797215020039
0.00795541537262
0.00792601840396
0.00787926537413
0.0078402095652
0.00782795770734
0.00780381908107
0.00778868732677
0.00773311539988
0.00769960060635
0.00768039977427
0.00766744421179
0.00765695615024
0.00764658957459
0.00763036787239
0.00758402909283
0.00756045953794
0.00751616574085
0.00749387632568
0.0074646268306
0.00744233524245
0.00740647333994
0.00739668203927
0.0073831922725
0.00734269698439
0.00730089343492
0.00723587806819
0.00722302143384
0.00717446764881
0.00716981360494
0.00714150357206
0.00710976418778
0.00707955425314
0.00706934485119
0.00704722437901
0.0070358908367
0.00699510579356
0.00697993899934
0.00694371461921
0.00691400861857
0.00690152826545
0.00687871401015
0.00686087469267
0.00684033423695
0.00681056931195
0.00680467937809
0.00675640479258
0.00672993845713
0.00670394887187
0.00669400246827
0.00667429660469
0.0066479700877
0.00661469105533
0.00659856351137
0.00659766114677
0.00655747121475
0.00653456710095
0.00650676525004
0.00648859369292
0.00648275560946
0.006436229422
0.0064013215457
0.00635989655032
0.00635039408244
0.00634660296307
0.00633249704287
0.00629183402412
0.00628338043164
0.00626357981173
0.00622683508249
0.00618323254566
0.00617666669596
0.00616440065161
0.00613807451199
0.00611392035843
0.00607959522919
0.00606706283064
0.00605252453515
0.006035212294
0.00598153162857
0.00597744673665
0.00596702847417
0.00592352346569
0.0058921416253
0.00588997237234
0.00587265196924
0.00585748173648
0.00582257258375
0.00579265612152
0.00576281717651
0.00575955702074
0.00575729690019
0.00571555434655
0.00570003623708
0.0056681232106
0.00565374225463
0.0056346501275
0.00561272549216
0.00559396625396
0.0055617027184
0.00554929754925
0.00553431662243
0.00550533765173
0.0054849500124
0.00543888327522
0.00542619369992
0.00542256239479
0.0054054917866
0.00538807658498
0.00536619849667
0.0053447550965
0.00531884321054
0.00529743459252
0.00527458445245
0.00525301394725
0.00523030439017
0.0052097496322
0.00519207297798
0.00517297481482
0.00513371258448
0.00511487078195
0.0050785898222
0.0050693567177
0.00503362260236
0.00500617086177
0.00500441827755
0.00498166480125
0.00495923914447
0.00494650297787
0.00492799201681
0.00491420172245
0.00490515735962
0.00488031681944
0.00485312081185
0.00482931689244
0.00480311252078
0.00480031918752
0.00476124373619
0.00475710566082
0.0047365729236
0.00471394651101
0.00469214332805
0.00466567446779
0.00465971452163
0.00462180733533
0.00461754500541
0.00459840987884
0.00456763223138
0.00454437051044
0.00453610722415
0.00451611224119
0.00450135207469
0.00447429232011
0.00445630715125
0.00441638154654
0.00441228533621
0.00440464515874
0.00438648461318
0.00434443715673
0.00434104673843
0.00428404926127
0.0042821388081
0.00426744009892
0.004241126466
0.00422753529158
0.00422158348082
0.00420316482007
0.00417671203514
0.00417195007672
0.00416973855977
0.00414694358936
0.00411730825024
0.00409653948952
0.00408297544545
0.00406127247382
0.00402771250123
0.00401164988329
0.00399583390752
0.00399355445126
0.00394676416252
0.00393409675566
0.00391283234249
0.00389722620679
0.00388532853032
0.00385745567907
0.0038473187527
0.00381645210516
0.00381053667058
0.00379590108338
0.00377082639732
0.00375105794513
0.00374162190832
0.00372577008662
0.00370542898912
0.00369140134536
0.00365708209335
0.00364943192424
0.00362522300486
0.00361079151937
0.00361068012689
0.00360174514005
0.00356217889442
0.00355038482258
0.00353128864842
0.00352421495339
0.0035024259944
0.00348352234875
0.00345852327663
0.0034480315169
0.00343847814644
0.00341119524186
0.00340487488476
0.00336713691758
0.00335951017045
0.00335509282215
0.00333292522348
0.00330910012308
0.00329179902998
0.00326692019417
0.00326298445013
0.00325420884401
0.00322152721741
0.00320092795735
0.00319393701552
0.00318527118117
0.00317008129357
0.00313490254306
0.00312180279639
0.00310618353011
0.00308145406737
0.00306466258995
0.0030538123716
0.00304056978176
0.00301759342973
0.00301062909084
0.00298725773598
0.00296436404442
0.00295354865363
0.00294800219904
0.00290459233696
0.00289444772477
0.00287477377685
0.0028697171313
0.00285487941605
0.00284398575738
0.00280079809942
0.00279259934453
0.00277653452534
0.00275843762468
0.00274959818269
0.00272415600367
0.00270082081742
0.00268456407004
0.00267372953719
0.00265011114126
0.0026351800652
0.00261790546409
0.00260341650089
0.00258426656578
0.00257445844269
0.00254920401404
0.00253672920658
0.00252559842242
0.00249239893237
0.00247697273431
0.00246889661485
0.00244515382289
0.00242305025077
0.00240704324751
0.00238039747
0.00236223489702
0.00234599079525
0.00233722851115
0.00231102931039
0.00229278057435
0.00228398047166
0.0022774129708
0.00223100574089
0.00220142943733
0.0021917136347
0.00218168378687
0.00217238154966
0.00213452979082
0.0021231756865
0.00210479346224
0.00208448292383
0.00206347579003
0.00204788624972
0.00201425389302
0.00200949642935
0.00200129878358
0.00196922871729
0.00193617585765
0.00193047272746
0.00192750726802
0.0018903724362
0.00186820415778
0.00183377701209
0.0018120856312
0.00179667187035
0.00176336770315
0.00174389324085
0.00173352492204
0.00169208286418
0.00166298520487
0.00163545162299
0.00161370939486
0.0016030960332
0.00158093210501
0.00156134354606
0.00152949402069
0.00149520391096
0.00147861235598
0.00144502722737
0.00143616516181
0.00138019564886
0.00135895692726
0.00134067875975
0.00130232588852
0.00127760451135
0.00126255099809
0.00119778759107
0.00117223417682
0.00115830731433
0.00111023650446
0.000990344530412
0.00083420834472
0.000788445898741
0.000539158395684
0.00031652844267
0.000274911630314
1.12189335086e-29
4.96598918682e-31
2.26885269853e-32
1.91854446801e-32
1.46439149875e-33
